1 1 - 1590 910 1
2 1 - 1665 910 1
3 1 148 1665 945 1
4 1 - 1741 910 1
5 1 149 1741 945 1
6 1 - 1812 910 1
7 1 150 1812 945 1
8 1 - 1920 910 1
9 1 151 1920 945 1
10 1 - 1976 910 1
11 1 152 1976 945 1
12 1 - 2086 910 1
13 1 153 2086 945 1
14 1 - 2196 910 1
15 1 - 1525 910 1
16 1 - 1525 700 1
17 1 - 2274 910 1
18 1 - 1515 910 2
19 1 - 1740 910 2
20 1 251 1740 945 2
21 1 - 2274 967 1
22 1 157 2244 967 1
23 1 158 2274 1004 1
24 1 159 2305 967 1
25 1 - 1580 700 1
26 1 - 1592 700 2
27 1 - 1592 910 2
28 1 - 1440 910 2
29 1 - 1230 910 2
30 1 245 1230 945 2
31 1 - 1175 910 2
32 1 Museum 1175 945 2
33 1 - 1055 910 2
34 1 242 1055 945 2
35 1 - 1000 910 2
36 1 241 1000 945 2
37 1 WhiteHall 1515 910 2
