1 2 1 1
1 15 1 1
2 1 1 1
2 3 1 1
2 4 1 1
3 2 1 1
4 2 1 1
4 5 1 1
4 6 1 1
5 4 1 1
6 4 1 1
6 7 1 1
6 8 1 1
7 6 1 1
8 6 1 1
8 9 1 1
8 10 1 1
9 8 1 1
10 8 1 1
10 11 1 1
10 12 1 1
11 10 1 1
12 10 1 1
12 13 1 1
13 12 1 1
15 1 1 1
15 16 1 1
16 15 1 1
12 14 1 1
14 12 1 1
14 17 1 1
17 14 1 1
17 21 1 1
21 17 1 1
21 22 1 1
21 23 1 1
21 24 1 1
22 21 1 1
23 21 1 1
24 21 1 1
16 25 1 1
25 16 1 1
25 26 1 1
26 25 1 1
26 27 1 1
27 26 1 1
27 18 1 1
27 19 1 1
18 27 1 1
18 28 1 1
18 37 1 1
19 20 1 1
19 27 1 1
20 19 1 1
28 18 1 1
28 29 1 1
37 18 1 1
29 30 1 1
29 31 1 1
29 28 1 1
30 29 1 1
31 29 1 1
31 32 1 1
31 33 1 1
32 31 1 1
33 31 1 1
33 34 1 1
33 35 1 1
34 33 1 1
35 33 1 1
35 36 1 1
36 35 1 1
